% Offshore wave data during the MegaPex campaign. Data
% are from the EuroPlatform.
%
% Column 1-6: year, month, day, hour, minute, second [in Mean European Time]
% Column 7: significant wave height Hm0 [m]
% Column 8: estimated peak period [s], Tm0m2*1.33
% Column 9: direction 30-500 mHz band [deg N]

2014    9   15    0    0    0   0.930   5.054    21
2014    9   15    1    0    0   0.750   4.921    19
2014    9   15    2    0    0   0.820   5.187    16
2014    9   15    3    0    0   0.750   5.453    13
2014    9   15    4    0    0   0.780   5.586    10
2014    9   15    5    0    0   0.870   6.118    14
2014    9   15    6    0    0   0.830   6.384     4
2014    9   15    7    0    0   0.860   6.650     1
2014    9   15    8    0    0   0.730   6.251     9
2014    9   15    9    0    0   0.820   6.650    12
2014    9   15   10    0    0   0.800   6.650     5
2014    9   15   11    0    0   0.800   6.517     6
2014    9   15   12    0    0   0.780   6.251    11
2014    9   15   13    0    0   0.840   6.517    12
2014    9   15   14    0    0   0.790   6.251    13
2014    9   15   15    0    0   0.720   6.118    10
2014    9   15   16    0    0   0.700   5.985    12
2014    9   15   17    0    0   0.690   5.586    16
2014    9   15   18    0    0   0.720   6.384    13
2014    9   15   19    0    0   0.740   6.783     9
2014    9   15   20    0    0   0.760   6.384    14
2014    9   15   21    0    0   0.730   5.852    16
2014    9   15   22    0    0   0.740   6.118    13
2014    9   15   23    0    0   0.720   5.586    18
2014    9   16    0    0    0   0.730   5.586    20
2014    9   16    1    0    0   0.680   5.320    17
2014    9   16    2    0    0   0.700   5.586    17
2014    9   16    3    0    0   0.670   5.719     9
2014    9   16    4    0    0   0.640   5.719     9
2014    9   16    5    0    0   0.620   5.719    11
2014    9   16    6    0    0   0.670   6.118     7
2014    9   16    7    0    0   0.650   6.783     7
2014    9   16    8    0    0   0.640   6.916     1
2014    9   16    9    0    0   0.690   6.916     9
2014    9   16   10    0    0   0.610   6.517     6
2014    9   16   11    0    0   0.620   6.783     0
2014    9   16   12    0    0   0.640   6.783     9
2014    9   16   13    0    0   0.660   6.783    11
2014    9   16   14    0    0   0.710   7.049     9
2014    9   16   15    0    0   0.760   6.916     8
2014    9   16   16    0    0   0.650   6.517    13
2014    9   16   17    0    0   0.680   6.916     6
2014    9   16   18    0    0   0.730   6.384    10
2014    9   16   19    0    0   0.750   6.517     7
2014    9   16   20    0    0   0.770   6.916    10
2014    9   16   21    0    0   0.710   6.650     7
2014    9   16   22    0    0   0.690   6.517    14
2014    9   16   23    0    0   0.660   6.517    13
2014    9   17    0    0    0   0.680   6.517    11
2014    9   17    1    0    0   0.640   6.251    11
2014    9   17    2    0    0   0.670   5.985    12
2014    9   17    3    0    0   0.620   6.118     7
2014    9   17    4    0    0   0.590   5.719     4
2014    9   17    5    0    0   0.560   5.852     3
2014    9   17    6    0    0   0.620   5.985     3
2014    9   17    7    0    0   0.600   6.251     6
2014    9   17    8    0    0   0.610   6.118   357
2014    9   17    9    0    0   0.540   6.118   355
2014    9   17   10    0    0   0.590   6.384     4
2014    9   17   11    0    0   0.530   6.251     7
2014    9   17   12    0    0   0.510   6.118     4
2014    9   17   13    0    0   0.510   6.251     1
2014    9   17   14    0    0   0.550   5.852     6
2014    9   17   15    0    0   0.540   5.719     9
2014    9   17   16    0    0   0.580   5.852    13
2014    9   17   17    0    0   0.570   6.118    10
2014    9   17   18    0    0   0.580   6.384    10
2014    9   17   19    0    0   0.620   6.517    12
2014    9   17   20    0    0   0.720   6.384    14
2014    9   17   21    0    0   0.700   6.384    16
2014    9   17   22    0    0   0.670   6.118    16
2014    9   17   23    0    0   0.670   6.517    17
2014    9   18    0    0    0   0.680   6.650    14
2014    9   18    1    0    0   0.620   6.251    11
2014    9   18    2    0    0   0.650   6.517    14
2014    9   18    3    0    0   0.650   6.251    12
2014    9   18    4    0    0   0.620   5.719    14
2014    9   18    5    0    0   0.660   5.586    18
2014    9   18    6    0    0   0.660   5.586    19
2014    9   18    7    0    0   0.690   5.453    17
2014    9   18    8    0    0   0.750   5.453    21
2014    9   18    9    0    0   0.690   5.719    20
2014    9   18   10    0    0   0.670   5.719    18
2014    9   18   11    0    0   0.680   5.586    21
2014    9   18   12    0    0   0.670   5.719    18
2014    9   18   13    0    0   0.680   5.719    21
2014    9   18   14    0    0   0.660   5.586    17
2014    9   18   15    0    0   0.690   5.719    14
2014    9   18   16    0    0   0.650   5.586    16
2014    9   18   17    0    0   0.650   5.586    13
2014    9   18   18    0    0   0.640   5.453    19
2014    9   18   19    0    0   0.610   5.586    19
2014    9   18   20    0    0   0.580   5.719    17
2014    9   18   21    0    0   0.550   5.719    15
2014    9   18   22    0    0   0.540   5.852    11
2014    9   18   23    0    0   0.580   6.251    15
2014    9   19    0    0    0   0.620   6.251    19
2014    9   19    1    0    0   0.600   6.251    12
2014    9   19    2    0    0   0.560   6.251    10
2014    9   19    3    0    0   0.530   5.719     7
2014    9   19    4    0    0   0.560   5.852     5
2014    9   19    5    0    0   0.620   6.118     6
2014    9   19    6    0    0   0.610   5.985     1
2014    9   19    7    0    0   0.600   5.985     9
2014    9   19    8    0    0   0.520   5.586     8
2014    9   19    9    0    0   0.540   6.118     9
2014    9   19   10    0    0   0.520   5.985     5
2014    9   19   11    0    0   0.510   6.384     7
2014    9   19   12    0    0   0.500   6.384     8
2014    9   19   13    0    0   0.540   6.384    13
2014    9   19   14    0    0   0.490   6.251     8
2014    9   19   15    0    0   0.520   6.251     9
2014    9   19   16    0    0   0.490   6.251    12
2014    9   19   17    0    0   0.500   6.118    11
2014    9   19   18    0    0   0.510   6.118    12
2014    9   19   19    0    0   0.480   6.118     8
2014    9   19   20    0    0   0.500   5.985    18
2014    9   19   21    0    0   0.490   5.852    14
2014    9   19   22    0    0   0.460   5.852    11
2014    9   19   23    0    0   0.460   6.251     9
2014    9   20    0    0    0   0.470   6.384    16
2014    9   20    1    0    0   0.490   6.384    10
2014    9   20    2    0    0   0.480   6.251    16
2014    9   20    3    0    0   0.480   6.251    14
2014    9   20    4    0    0   0.470   5.985    16
2014    9   20    5    0    0   0.470   6.118    15
2014    9   20    6    0    0   0.470   5.719     8
2014    9   20    7    0    0   0.440   5.852     8
2014    9   20    8    0    0   0.430   5.719     8
2014    9   20    9    0    0   0.370   5.719   359
2014    9   20   10    0    0   0.410   5.852     8
2014    9   20   11    0    0   0.380   5.852     5
2014    9   20   12    0    0   0.390   5.719     0
2014    9   20   13    0    0   0.350   5.719   360
2014    9   20   14    0    0   0.370   5.187   354
2014    9   20   15    0    0   0.350   4.921   356
2014    9   20   16    0    0   0.460   4.655     4
2014    9   20   17    0    0   0.420   4.256   335
2014    9   20   18    0    0   0.460   3.990   329
2014    9   20   19    0    0   0.460   4.123   333
2014    9   20   20    0    0   0.440   4.123   338
2014    9   20   21    0    0   0.430   4.123   333
2014    9   20   22    0    0   0.420   4.123   331
2014    9   20   23    0    0   0.480   3.990   360
2014    9   21    0    0    0   0.720   4.655   337
2014    9   21    1    0    0   0.750   4.788   335
2014    9   21    2    0    0   0.800   4.788   341
2014    9   21    3    0    0   1.060   5.187   344
2014    9   21    4    0    0   1.400   5.586   343
2014    9   21    5    0    0   1.790   6.118   346
2014    9   21    6    0    0   2.010   6.384   346
2014    9   21    7    0    0   2.160   6.384   350
2014    9   21    8    0    0   2.220   6.650   348
2014    9   21    9    0    0   2.340   6.783   349
2014    9   21   10    0    0   2.220   6.650   350
2014    9   21   11    0    0   2.310   7.049   354
2014    9   21   12    0    0   1.900   6.783   351
2014    9   21   13    0    0   1.950   7.182   348
2014    9   21   14    0    0   1.860   7.182   353
2014    9   21   15    0    0   1.730   6.650   355
2014    9   21   16    0    0   1.950   6.783   353
2014    9   21   17    0    0   2.000   6.783   348
2014    9   21   18    0    0   2.070   6.517   348
2014    9   21   19    0    0   2.060   6.650   347
2014    9   21   20    0    0   2.200   6.783   348
2014    9   21   21    0    0   2.300   6.650   347
2014    9   21   22    0    0   2.250   6.783   350
2014    9   21   23    0    0   2.490   7.182   347
2014    9   22    0    0    0   2.540   7.448   351
2014    9   22    1    0    0   2.340   7.714   347
2014    9   22    2    0    0   2.270   7.714   350
2014    9   22    3    0    0   2.170   7.581   354
2014    9   22    4    0    0   2.190   7.315   354
2014    9   22    5    0    0   2.200   7.182   350
2014    9   22    6    0    0   2.290   7.182   350
2014    9   22    7    0    0   2.100   6.650   346
2014    9   22    8    0    0   2.220   6.783   345
2014    9   22    9    0    0   2.420   7.182   350
2014    9   22   10    0    0   2.460   7.049   349
2014    9   22   11    0    0   2.740   7.448   349
2014    9   22   12    0    0   2.760   7.847   355
2014    9   22   13    0    0   2.550   8.113   355
2014    9   22   14    0    0   2.430   8.246   351
2014    9   22   15    0    0   2.230   7.980   352
2014    9   22   16    0    0   2.070   7.714   355
2014    9   22   17    0    0   2.090   7.714   355
2014    9   22   18    0    0   1.940   7.448   357
2014    9   22   19    0    0   1.940   7.448   358
2014    9   22   20    0    0   1.810   7.049   356
2014    9   22   21    0    0   1.740   7.049   355
2014    9   22   22    0    0   1.760   7.448   357
2014    9   22   23    0    0   1.830   7.448   354
2014    9   23    0    0    0   1.630   7.448   357
2014    9   23    1    0    0   1.680   7.980   350
2014    9   23    2    0    0   1.540   8.113   353
2014    9   23    3    0    0   1.480   7.980   348
2014    9   23    4    0    0   1.260   7.581   358
2014    9   23    5    0    0   1.130   7.182   360
2014    9   23    6    0    0   1.110   7.049   359
2014    9   23    7    0    0   1.090   6.650   358
2014    9   23    8    0    0   1.100   7.049   356
2014    9   23    9    0    0   0.990   6.650   357
2014    9   23   10    0    0   1.040   6.916   356
2014    9   23   11    0    0   1.000   6.783   351
2014    9   23   12    0    0   1.030   6.916   351
2014    9   23   13    0    0   1.050   6.916   351
2014    9   23   14    0    0   0.950   6.251   343
2014    9   23   15    0    0   0.970   5.985   340
2014    9   23   16    0    0   1.020   5.852   341
2014    9   23   17    0    0   0.840   5.586   339
2014    9   23   18    0    0   0.830   5.586   353
2014    9   23   19    0    0   0.760   5.187   323
2014    9   23   20    0    0   0.710   5.187   305
2014    9   23   21    0    0   0.770   5.453   292
2014    9   23   22    0    0   0.780   5.320   291
2014    9   23   23    0    0   0.790   5.320   292
2014    9   24    0    0    0   0.820   5.054   282
2014    9   24    1    0    0   0.800   4.788   274
2014    9   24    2    0    0   0.830   4.788   278
2014    9   24    3    0    0   0.850   4.522   275
2014    9   24    4    0    0   0.760   4.655   287
2014    9   24    5    0    0   0.770   4.655   282
2014    9   24    6    0    0   0.780   4.522   269
2014    9   24    7    0    0   0.980   4.788   268
2014    9   24    8    0    0   1.010   5.187   264
2014    9   24    9    0    0   1.070   5.453   262
2014    9   24   10    0    0   1.070   5.453   253
2014    9   24   11    0    0   1.260   5.586   251
2014    9   24   12    0    0   1.280   5.586   248
2014    9   24   13    0    0   1.380   5.453   262
2014    9   24   14    0    0   1.450   5.320   265
2014    9   24   15    0    0   1.370   5.187   277
2014    9   24   16    0    0   1.330   5.320   280
2014    9   24   17    0    0   1.450   5.586   293
2014    9   24   18    0    0   1.660   5.852   299
2014    9   24   19    0    0   1.720   6.118   307
2014    9   24   20    0    0   2.180   6.517   316
2014    9   24   21    0    0   2.160   6.517   321
2014    9   24   22    0    0   2.080   6.384   326
2014    9   24   23    0    0   2.100   6.783   326
2014    9   25    0    0    0   2.320   6.916   328
2014    9   25    1    0    0   2.010   6.517   327
2014    9   25    2    0    0   1.790   6.517   334
2014    9   25    3    0    0   1.760   6.783   330
2014    9   25    4    0    0   1.560   6.650   332
2014    9   25    5    0    0   1.450   6.251   334
2014    9   25    6    0    0   1.350   6.118   337
2014    9   25    7    0    0   1.200   5.852   335
2014    9   25    8    0    0   1.130   5.586   327
2014    9   25    9    0    0   1.090   5.453   320
2014    9   25   10    0    0   1.070   5.453   305
2014    9   25   11    0    0   1.100   5.453   293
2014    9   25   12    0    0   1.260   5.453   289
2014    9   25   13    0    0   1.210   5.320   291
2014    9   25   14    0    0   1.290   5.187   286
2014    9   25   15    0    0   1.360   5.320   290
2014    9   25   16    0    0   1.400   5.320   283
2014    9   25   17    0    0   1.400   5.187   259
2014    9   25   18    0    0   1.360   5.187   257
2014    9   25   19    0    0   1.430   5.453   244
2014    9   25   20    0    0   1.490   5.719   245
2014    9   25   21    0    0   1.600   6.251   235
2014    9   25   22    0    0   1.360   6.517   232
2014    9   25   23    0    0   1.310   6.251   240
2014    9   26    0    0    0   1.460   6.118   236
2014    9   26    1    0    0   1.380   5.719   239
2014    9   26    2    0    0   1.360   5.453   242
2014    9   26    3    0    0   1.370   5.453   246
2014    9   26    4    0    0   1.250   5.320   251
2014    9   26    5    0    0   1.260   5.187   258
2014    9   26    6    0    0   1.190   5.320   253
2014    9   26    7    0    0   1.210   5.320   256
2014    9   26    8    0    0   1.240   5.453   256
2014    9   26    9    0    0   1.250   5.719   255
2014    9   26   10    0    0   1.270   5.985   249
2014    9   26   11    0    0   1.150   5.985   240
2014    9   26   12    0    0   1.160   5.719   241
2014    9   26   13    0    0   1.210   5.586   237
2014    9   26   14    0    0   1.310   5.320   235
2014    9   26   15    0    0   1.150   4.788   234
2014    9   26   16    0    0   1.060   4.921   243
2014    9   26   17    0    0   1.020   5.187   243
2014    9   26   18    0    0   0.940   5.187   232
2014    9   26   19    0    0   0.860   5.453   245
2014    9   26   20    0    0   0.770   5.453   249
2014    9   26   21    0    0   0.730   5.453   262
2014    9   26   22    0    0   0.720   5.719   259
2014    9   26   23    0    0   0.680   5.453   271
2014    9   27    0    0    0   0.610   5.453   260
2014    9   27    1    0    0   0.600   5.320   265
2014    9   27    2    0    0   0.570   5.320   282
2014    9   27    3    0    0   0.540   5.187   330
2014    9   27    4    0    0   0.520   5.187   334
2014    9   27    5    0    0   0.450   4.921   329
2014    9   27    6    0    0   0.460   5.187     4
2014    9   27    7    0    0   0.440   5.187   357
2014    9   27    8    0    0   0.410   5.187   353
2014    9   27    9    0    0   0.400   5.320   341
2014    9   27   10    0    0   0.440   5.054   335
2014    9   27   11    0    0   0.440   5.453   336
2014    9   27   12    0    0   0.410   5.320   333
2014    9   27   13    0    0   0.440   5.453   330
2014    9   27   14    0    0   0.480   5.453   330
2014    9   27   15    0    0   0.470   5.985   333
2014    9   27   16    0    0   0.500   6.384   339
2014    9   27   17    0    0   0.440   6.650   344
2014    9   27   18    0    0   0.450   6.650   349
2014    9   27   19    0    0   0.410   6.517   351
2014    9   27   20    0    0   0.410   6.384   359
2014    9   27   21    0    0   0.400   6.251   357
2014    9   27   22    0    0   0.450   6.251   355
2014    9   27   23    0    0   0.420   5.852   357
2014    9   28    0    0    0   0.460   6.783   350
2014    9   28    1    0    0   0.470   6.916   349
2014    9   28    2    0    0   0.460   6.916   352
2014    9   28    3    0    0   0.450   6.783   351
2014    9   28    4    0    0   0.430   6.384   356
2014    9   28    5    0    0   0.410   7.049   355
2014    9   28    6    0    0   0.380   6.251   359
2014    9   28    7    0    0   0.360   5.985     9
2014    9   28    8    0    0   0.340   5.586     9
2014    9   28    9    0    0   0.340   5.320   359
2014    9   28   10    0    0   0.380   5.054     9
2014    9   28   11    0    0   0.390   5.054    21
2014    9   28   12    0    0   0.370   5.453    12
2014    9   28   13    0    0   0.360   5.320     5
2014    9   28   14    0    0   0.380   5.320    11
2014    9   28   15    0    0   0.380   5.586     1
2014    9   28   16    0    0   0.370   5.586    15
2014    9   28   17    0    0   0.330   6.384     1
2014    9   28   18    0    0   0.300   5.852     3
2014    9   28   19    0    0   0.290   5.586     9
2014    9   28   20    0    0   0.260   5.320    10
2014    9   28   21    0    0   0.290   4.921     5
2014    9   28   22    0    0   0.280   5.054   351
2014    9   28   23    0    0   0.300   4.921     7
2014    9   29    0    0    0   0.290   5.586   345
2014    9   29    1    0    0   0.300   6.118   347
2014    9   29    2    0    0   0.330   6.251   344
2014    9   29    3    0    0   0.320   5.985   344
2014    9   29    4    0    0   0.300   5.985   338
2014    9   29    5    0    0   0.320   6.118   335
2014    9   29    6    0    0   0.290   6.251   329
2014    9   29    7    0    0   0.270   5.985   342
2014    9   29    8    0    0   0.280   6.251   347
2014    9   29    9    0    0   0.290   5.719   343
2014    9   29   10    0    0   0.300   6.118   352
2014    9   29   11    0    0   0.330   5.320   348
2014    9   29   12    0    0   0.380   5.852   339
2014    9   29   13    0    0   0.410   5.453   320
2014    9   29   14    0    0   0.530   4.921   264
2014    9   29   15    0    0   0.600   4.655   241
2014    9   29   16    0    0   0.640   4.389   218
2014    9   29   17    0    0   0.700   4.389   216
2014    9   29   18    0    0   0.560   4.389   220
2014    9   29   19    0    0   0.520   4.256   239
2014    9   29   20    0    0   0.510   4.123   223
2014    9   29   21    0    0   0.590   4.389   229
2014    9   29   22    0    0   0.580   4.256   227
2014    9   29   23    0    0   0.700   4.788   233
2014    9   30    0    0    0   0.800   5.320   239
2014    9   30    1    0    0   0.910   5.453   233
2014    9   30    2    0    0   0.880   5.320   235
2014    9   30    3    0    0   0.840   5.187   239
2014    9   30    4    0    0   0.870   4.788   233
2014    9   30    5    0    0   0.820   4.389   237
2014    9   30    6    0    0   0.860   4.389   242
2014    9   30    7    0    0   0.880   4.788   241
2014    9   30    8    0    0   0.840   4.655   244
2014    9   30    9    0    0   0.810   4.522   246
2014    9   30   10    0    0   0.800   4.655   254
2014    9   30   11    0    0   0.850   5.054   249
2014    9   30   12    0    0   0.790   5.187   256
2014    9   30   13    0    0   0.720   5.187   254
2014    9   30   14    0    0   0.800   5.187   247
2014    9   30   15    0    0   0.780   5.054   250
2014    9   30   16    0    0   0.730   4.788   242
2014    9   30   17    0    0   0.690   4.522   244
2014    9   30   18    0    0   0.630   4.389   255
2014    9   30   19    0    0   0.550   4.655   257
2014    9   30   20    0    0   0.540   4.389   247
2014    9   30   21    0    0   0.500   4.123   250
2014    9   30   22    0    0   0.570   4.123   244
2014    9   30   23    0    0   0.730   4.522   239
2014   10    1    0    0    0   0.840   5.187   235
2014   10    1    1    0    0   0.880   5.453   236
2014   10    1    2    0    0   0.840   5.453   230
2014   10    1    3    0    0   0.880   5.320   228
2014   10    1    4    0    0   0.880   4.921   230
2014   10    1    5    0    0   0.910   4.655   230
2014   10    1    6    0    0   0.840   4.522   237
2014   10    1    7    0    0   0.860   4.389   236
2014   10    1    8    0    0   0.910   4.655   235
2014   10    1    9    0    0   0.860   4.655   233
2014   10    1   10    0    0   0.850   4.655   232
2014   10    1   11    0    0   0.820   4.655   236
2014   10    1   12    0    0   0.890   4.921   235
2014   10    1   13    0    0   0.870   5.187   236
2014   10    1   14    0    0   0.780   5.320   233
2014   10    1   15    0    0   0.790   5.054   230
2014   10    1   16    0    0   0.810   4.921   232
2014   10    1   17    0    0   0.880   4.655   230
2014   10    1   18    0    0   0.770   4.389   239
2014   10    1   19    0    0   0.740   4.522   241
2014   10    1   20    0    0   0.690   4.655   235
2014   10    1   21    0    0   0.690   4.921   235
2014   10    1   22    0    0   0.600   4.788   229
2014   10    1   23    0    0   0.580   4.921   233
2014   10    2    0    0    0   0.570   5.054   240
2014   10    2    1    0    0   0.480   5.054   238
2014   10    2    2    0    0   0.510   5.054   250
2014   10    2    3    0    0   0.450   5.187   241
2014   10    2    4    0    0   0.400   4.921   238
2014   10    2    5    0    0   0.400   4.788   235
2014   10    2    6    0    0   0.370   4.655   264
2014   10    2    7    0    0   0.370   4.389   313
2014   10    2    8    0    0   0.350   4.389   354
2014   10    2    9    0    0   0.340   4.256    13
2014   10    2   10    0    0   0.310   4.256    15
2014   10    2   11    0    0   0.340   3.990    22
2014   10    2   12    0    0   0.320   4.123    18
2014   10    2   13    0    0   0.310   3.990    34
2014   10    2   14    0    0   0.310   3.990    22
2014   10    2   15    0    0   0.360   4.389    19
2014   10    2   16    0    0   0.300   4.389    13
2014   10    2   17    0    0   0.310   4.522    16
2014   10    2   18    0    0   0.290   4.788    16
2014   10    2   19    0    0   0.280   5.054    16
2014   10    2   20    0    0   0.280   5.187     6
2014   10    2   21    0    0   0.310   5.054     4
2014   10    2   22    0    0   0.310   4.921     3
2014   10    2   23    0    0   0.350   4.921    22
2014   10    3    0    0    0   0.350   4.921    13
2014   10    3    1    0    0   0.320   4.921   356
2014   10    3    2    0    0   0.320   5.054   357
2014   10    3    3    0    0   0.310   5.187   331
2014   10    3    4    0    0   0.310   4.921   319
2014   10    3    5    0    0   0.300   4.788   308
2014   10    3    6    0    0   0.330   4.655   306
2014   10    3    7    0    0   0.320   4.655   341
2014   10    3    8    0    0   0.340   4.256   274
2014   10    3    9    0    0   0.310   4.389   324
2014   10    3   10    0    0   0.300   4.522   328
2014   10    3   11    0    0   0.260   4.256   323
2014   10    3   12    0    0   0.320   3.990   203
2014   10    3   13    0    0   0.300   3.857   246
2014   10    3   14    0    0   0.330   3.857   201
2014   10    3   15    0    0   0.310   4.256   220
2014   10    3   16    0    0   0.280   4.522   278
2014   10    3   17    0    0   0.270   4.788   269
2014   10    3   18    0    0   0.260   4.655   273
2014   10    3   19    0    0   0.260   4.389   306
2014   10    3   20    0    0   0.290   4.522    80
2014   10    3   21    0    0   0.200   4.389   332
2014   10    3   22    0    0   0.200   4.522   326
2014   10    3   23    0    0   0.230   4.921    39
2014   10    4    0    0    0   0.240   5.054    29
2014   10    4    1    0    0   0.240   4.655    48
2014   10    4    2    0    0   0.310   3.591   169
2014   10    4    3    0    0   0.440   3.990   168
2014   10    4    4    0    0   0.430   4.256   185
2014   10    4    5    0    0   0.480   4.123   190
2014   10    4    6    0    0   0.630   4.256   180
2014   10    4    7    0    0   0.710   4.389   185
2014   10    4    8    0    0   0.750   4.389   186
2014   10    4    9    0    0   0.840   4.389   184
2014   10    4   10    0    0   0.940   4.522   180
2014   10    4   11    0    0   0.910   4.522   187
2014   10    4   12    0    0   0.880   4.389   189
2014   10    4   13    0    0   0.890   4.522   196
2014   10    4   14    0    0   0.820   4.522   203
2014   10    4   15    0    0   0.790   4.522   207
2014   10    4   16    0    0   0.740   4.788   215
2014   10    4   17    0    0   0.660   4.788   236
2014   10    4   18    0    0   1.200   4.788   291
2014   10    4   19    0    0   1.610   5.586   298
2014   10    4   20    0    0   1.930   6.251   299
2014   10    4   21    0    0   1.720   5.985   301
2014   10    4   22    0    0   1.620   5.985   312
2014   10    4   23    0    0   1.440   5.852   324
2014   10    5    0    0    0   1.370   5.719   326
2014   10    5    1    0    0   1.450   5.852   333
2014   10    5    2    0    0   1.370   5.852   337
2014   10    5    3    0    0   1.280   5.586   333
2014   10    5    4    0    0   1.150   5.453   336
2014   10    5    5    0    0   1.120   5.320   334
2014   10    5    6    0    0   1.000   5.320   337
2014   10    5    7    0    0   0.930   5.187   339
2014   10    5    8    0    0   0.900   5.054   343
2014   10    5    9    0    0   0.930   5.187   336
2014   10    5   10    0    0   0.910   5.054   345
2014   10    5   11    0    0   0.920   5.453   350
2014   10    5   12    0    0   0.930   5.719   343
2014   10    5   13    0    0   0.850   5.586   354
2014   10    5   14    0    0   0.900   5.719   358
2014   10    5   15    0    0   0.830   5.453   356
2014   10    5   16    0    0   0.730   5.187   357
2014   10    5   17    0    0   0.700   5.054     2
2014   10    5   18    0    0   0.660   5.054   357
2014   10    5   19    0    0   0.620   4.921     2
2014   10    5   20    0    0   0.590   5.054   354
2014   10    5   21    0    0   0.570   5.320   356
2014   10    5   22    0    0   0.630   5.586   354
2014   10    5   23    0    0   0.600   5.453     6
2014   10    6    0    0    0   0.660   5.453    15
2014   10    6    1    0    0   0.680   5.187    17
2014   10    6    2    0    0   0.650   4.788    40
2014   10    6    3    0    0   0.700   4.655    74
2014   10    6    4    0    0   0.640   4.389    91
2014   10    6    5    0    0   0.690   4.256   103
2014   10    6    6    0    0   0.690   4.389   123
2014   10    6    7    0    0   0.760   4.655   144
2014   10    6    8    0    0   0.900   4.921   160
2014   10    6    9    0    0   0.960   4.921   171
2014   10    6   10    0    0   1.160   5.054   183
2014   10    6   11    0    0   1.200   4.788   190
2014   10    6   12    0    0   1.140   4.788   188
2014   10    6   13    0    0   1.110   4.655   200
2014   10    6   14    0    0   1.110   4.655   209
2014   10    6   15    0    0   1.040   4.655   206
2014   10    6   16    0    0   1.220   4.921   199
2014   10    6   17    0    0   1.360   5.187   200
2014   10    6   18    0    0   1.540   5.719   207
2014   10    6   19    0    0   1.610   6.251   200
2014   10    6   20    0    0   1.500   6.384   196
2014   10    6   21    0    0   1.680   6.251   200
2014   10    6   22    0    0   1.730   6.251   198
2014   10    6   23    0    0   1.760   5.985   195
2014   10    7    0    0    0   1.930   5.852   189
2014   10    7    1    0    0   1.590   5.453   194
2014   10    7    2    0    0   1.410   5.320   200
2014   10    7    3    0    0   1.390   5.320   211
2014   10    7    4    0    0   1.480   5.320   214
2014   10    7    5    0    0   1.540   5.453   212
2014   10    7    6    0    0   1.790   6.118   215
2014   10    7    7    0    0   1.500   6.517   214
2014   10    7    8    0    0   1.660   6.517   211
2014   10    7    9    0    0   1.920   6.650   212
2014   10    7   10    0    0   2.250   7.049   219
2014   10    7   11    0    0   2.290   6.650   224
2014   10    7   12    0    0   2.530   6.517   225
2014   10    7   13    0    0   2.370   6.251   228
2014   10    7   14    0    0   2.330   6.384   233
2014   10    7   15    0    0   2.440   6.517   236
2014   10    7   16    0    0   2.220   6.384   238
2014   10    7   17    0    0   2.370   6.650   235
2014   10    7   18    0    0   2.270   6.650   222
2014   10    7   19    0    0   2.420   7.049   239
2014   10    7   20    0    0   2.280   7.448   238
2014   10    7   21    0    0   2.320   7.714   239
2014   10    7   22    0    0   2.340   7.581   237
2014   10    7   23    0    0   2.300   7.182   237
2014   10    8    0    0    0   2.170   6.517   237
2014   10    8    1    0    0   2.040   6.251   240
2014   10    8    2    0    0   1.880   5.985   245
2014   10    8    3    0    0   1.730   5.719   229
2014   10    8    4    0    0   1.510   5.586   221
2014   10    8    5    0    0   1.350   5.320   215
2014   10    8    6    0    0   1.360   5.453   206
2014   10    8    7    0    0   1.380   5.719   202
2014   10    8    8    0    0   1.370   6.118   201
2014   10    8    9    0    0   1.450   6.251   198
2014   10    8   10    0    0   1.510   6.118   194
2014   10    8   11    0    0   1.640   5.985   199
2014   10    8   12    0    0   1.660   5.852   194
2014   10    8   13    0    0   1.980   5.719   194
2014   10    8   14    0    0   2.060   5.852   200
2014   10    8   15    0    0   1.910   5.719   204
2014   10    8   16    0    0   2.150   5.852   200
2014   10    8   17    0    0   2.130   5.985   208
2014   10    8   18    0    0   2.150   6.251   217
2014   10    8   19    0    0   2.000   6.384   217
2014   10    8   20    0    0   1.820   6.650   224
2014   10    8   21    0    0   1.620   6.916   232
2014   10    8   22    0    0   1.690   7.182   235
2014   10    8   23    0    0   1.700   6.916   236
2014   10    9    0    0    0   1.710   6.118   234
2014   10    9    1    0    0   1.820   5.852   235
2014   10    9    2    0    0   1.780   5.586   237
2014   10    9    3    0    0   1.750   5.586   233
2014   10    9    4    0    0   1.800   5.586   219
2014   10    9    5    0    0   1.880   5.852   226
2014   10    9    6    0    0   1.940   5.985   227
2014   10    9    7    0    0   2.030   6.517   220
2014   10    9    8    0    0   2.230   6.650   220
2014   10    9    9    0    0   2.330   7.448   226
2014   10    9   10    0    0   2.010   7.581   224
2014   10    9   11    0    0   2.310   7.581   219
2014   10    9   12    0    0   2.340   7.182   225
2014   10    9   13    0    0   2.250   6.650   222
2014   10    9   14    0    0   2.460   6.251   223
2014   10    9   15    0    0   2.450   6.517   231
2014   10    9   16    0    0   2.650   6.783   229
2014   10    9   17    0    0   2.800   7.049   229
2014   10    9   18    0    0   2.810   7.182   228
2014   10    9   19    0    0   2.580   7.049   234
2014   10    9   20    0    0   2.670   7.448   232
2014   10    9   21    0    0   2.470   7.714   235
2014   10    9   22    0    0   2.350   7.980   233
2014   10    9   23    0    0   2.190   7.581   231
2014   10   10    0    0    0   2.280   7.448   230
2014   10   10    1    0    0   2.170   6.783   227
2014   10   10    2    0    0   2.120   6.118   227
2014   10   10    3    0    0   2.410   6.384   236
2014   10   10    4    0    0   2.450   6.384   232
2014   10   10    5    0    0   2.230   6.384   231
2014   10   10    6    0    0   1.880   6.251   232
2014   10   10    7    0    0   1.610   6.118   240
2014   10   10    8    0    0   1.650   6.118   236
2014   10   10    9    0    0   1.510   6.650   242
2014   10   10   10    0    0   1.410   6.517   246
2014   10   10   11    0    0   1.290   6.384   240
2014   10   10   12    0    0   1.200   5.985   234
2014   10   10   13    0    0   1.100   5.453   228
2014   10   10   14    0    0   1.070   5.054   219
2014   10   10   15    0    0   1.130   4.655   219
2014   10   10   16    0    0   0.980   4.655   223
2014   10   10   17    0    0   0.990   4.788   234
2014   10   10   18    0    0   1.060   5.054   233
2014   10   10   19    0    0   1.000   5.320   234
2014   10   10   20    0    0   1.030   5.453   236
2014   10   10   21    0    0   0.970   5.453   234
2014   10   10   22    0    0   0.910   5.852   240
2014   10   10   23    0    0   0.910   5.719   236
2014   10   11    0    0    0   0.900   5.453   228
2014   10   11    1    0    0   0.860   5.187   224
2014   10   11    2    0    0   0.870   4.921   225
2014   10   11    3    0    0   0.820   4.389   223
2014   10   11    4    0    0   0.770   4.655   231
2014   10   11    5    0    0   0.690   4.522   231
2014   10   11    6    0    0   0.620   4.522   234
2014   10   11    7    0    0   0.550   4.655   249
2014   10   11    8    0    0   0.620   4.389   222
2014   10   11    9    0    0   0.590   4.522   216
2014   10   11   10    0    0   0.550   4.921   232
2014   10   11   11    0    0   0.670   5.187   228
2014   10   11   12    0    0   0.690   5.187   236
2014   10   11   13    0    0   0.710   5.054   229
2014   10   11   14    0    0   0.710   4.788   235
2014   10   11   15    0    0   0.750   4.389   244
2014   10   11   16    0    0   0.750   4.256   233
2014   10   11   17    0    0   0.770   4.123   229
2014   10   11   18    0    0   0.830   4.256   241
2014   10   11   19    0    0   0.760   4.389   244
2014   10   11   20    0    0   0.810   4.389   233
2014   10   11   21    0    0   0.880   4.655   233
2014   10   11   22    0    0   0.960   5.187   237
2014   10   11   23    0    0   1.070   5.719   239
2014   10   12    0    0    0   1.130   5.852   242
2014   10   12    1    0    0   1.130   5.719   245
2014   10   12    2    0    0   1.120   5.719   243
2014   10   12    3    0    0   1.130   5.320   249
2014   10   12    4    0    0   1.040   5.187   248
2014   10   12    5    0    0   0.880   5.054   251
2014   10   12    6    0    0   0.830   5.187   247
2014   10   12    7    0    0   0.680   5.187   248
2014   10   12    8    0    0   0.610   5.054   260
2014   10   12    9    0    0   0.540   5.054   267
2014   10   12   10    0    0   0.480   5.187   277
2014   10   12   11    0    0   0.440   5.187   285
2014   10   12   12    0    0   0.470   5.453   270
2014   10   12   13    0    0   0.500   5.586   286
2014   10   12   14    0    0   0.500   5.320   298
2014   10   12   15    0    0   0.560   5.054   312
2014   10   12   16    0    0   0.520   4.921     8
2014   10   12   17    0    0   0.500   4.655    55
2014   10   12   18    0    0   0.660   4.655    67
2014   10   12   19    0    0   0.870   4.788    67
2014   10   12   20    0    0   1.070   4.921    70
2014   10   12   21    0    0   1.160   4.921    75
2014   10   12   22    0    0   1.380   5.054    73
2014   10   12   23    0    0   1.510   5.320    74
2014   10   13    0    0    0   1.410   5.187    71
2014   10   13    1    0    0   1.460   5.187    67
2014   10   13    2    0    0   1.260   5.187    62
2014   10   13    3    0    0   1.210   5.320    61
2014   10   13    4    0    0   1.100   5.453    52
2014   10   13    5    0    0   1.100   5.719    49
2014   10   13    6    0    0   1.070   5.586    53
2014   10   13    7    0    0   1.070   5.320    61
2014   10   13    8    0    0   1.150   5.320    57
2014   10   13    9    0    0   1.030   4.788    85
2014   10   13   10    0    0   1.220   5.054   144
2014   10   13   11    0    0   1.280   5.586   165
2014   10   13   12    0    0   1.420   5.985   171
2014   10   13   13    0    0   1.360   6.118   186
2014   10   13   14    0    0   1.430   6.118   195
2014   10   13   15    0    0   1.680   6.118   205
2014   10   13   16    0    0   1.850   5.985   209
2014   10   13   17    0    0   1.760   5.719   205
2014   10   13   18    0    0   1.650   5.453   207
2014   10   13   19    0    0   1.820   5.719   209
2014   10   13   20    0    0   1.850   5.985   218
2014   10   13   21    0    0   2.000   6.251   218
2014   10   13   22    0    0   2.020   6.384   221
2014   10   13   23    0    0   1.950   6.650   219
2014   10   14    0    0    0   2.130   7.182   220
2014   10   14    1    0    0   1.820   7.049   221
2014   10   14    2    0    0   1.930   7.182   224
2014   10   14    3    0    0   2.000   6.650   219
2014   10   14    4    0    0   1.960   6.517   219
2014   10   14    5    0    0   2.080   6.118   218
2014   10   14    6    0    0   2.100   6.118   217
2014   10   14    7    0    0   1.920   5.852   213
2014   10   14    8    0    0   2.180   6.384   216
2014   10   14    9    0    0   2.010   6.384   216
2014   10   14   10    0    0   1.940   6.517   218
2014   10   14   11    0    0   1.780   6.517   222
2014   10   14   12    0    0   1.590   6.650   227
2014   10   14   13    0    0   1.520   6.783   230
2014   10   14   14    0    0   1.440   6.118   235
2014   10   14   15    0    0   1.630   6.384   229
2014   10   14   16    0    0   1.590   5.852   237
2014   10   14   17    0    0   1.630   5.586   247
2014   10   14   18    0    0   1.590   5.719   268
2014   10   14   19    0    0   1.550   5.852   275
2014   10   14   20    0    0   1.460   5.985   283
2014   10   14   21    0    0   1.320   5.985   291
2014   10   14   22    0    0   1.310   5.985   274
2014   10   14   23    0    0   1.160   5.719   278
2014   10   15    0    0    0   1.210   5.719   287
2014   10   15    1    0    0   1.020   5.586   294
2014   10   15    2    0    0   1.070   5.719   301
2014   10   15    3    0    0   1.090   5.719   319
2014   10   15    4    0    0   1.060   5.586   314
2014   10   15    5    0    0   1.060   5.852   335
2014   10   15    6    0    0   1.090   5.852   343
2014   10   15    7    0    0   1.010   6.118   341
2014   10   15    8    0    0   1.070   6.650   351
2014   10   15    9    0    0   0.920   6.251   351
2014   10   15   10    0    0   0.920   6.384   355
2014   10   15   11    0    0   0.920   6.517   355
2014   10   15   12    0    0   0.920   6.251   359
2014   10   15   13    0    0   0.960   6.517   358
2014   10   15   14    0    0   1.000   6.783   355
2014   10   15   15    0    0   1.120   7.049   360
2014   10   15   16    0    0   1.120   7.182   360
2014   10   15   17    0    0   1.120   7.182     6
2014   10   15   18    0    0   1.240   7.448     3
2014   10   15   19    0    0   1.250   7.448     2
2014   10   15   20    0    0   1.190   6.916     7
2014   10   15   21    0    0   1.160   6.517    10
2014   10   15   22    0    0   1.060   5.852    16
2014   10   15   23    0    0   1.130   5.586    25
2014   10   16    0    0    0   1.050   5.453    14
2014   10   16    1    0    0   1.040   5.719   358
2014   10   16    2    0    0   1.000   5.852   325
2014   10   16    3    0    0   0.970   5.719   297
2014   10   16    4    0    0   0.960   5.453   205
2014   10   16    5    0    0   1.060   5.320   213
2014   10   16    6    0    0   1.090   5.054   194
2014   10   16    7    0    0   1.210   5.187   223
2014   10   16    8    0    0   1.170   5.187   238
2014   10   16    9    0    0   1.200   5.320   246
2014   10   16   10    0    0   1.090   5.054   229
2014   10   16   11    0    0   1.120   5.320   239
2014   10   16   12    0    0   1.220   5.586   244
2014   10   16   13    0    0   1.050   5.320   245
2014   10   16   14    0    0   1.120   5.586   248
2014   10   16   15    0    0   1.290   5.719   240
2014   10   16   16    0    0   1.320   5.852   238
2014   10   16   17    0    0   1.360   5.719   237
2014   10   16   18    0    0   1.300   5.719   239
2014   10   16   19    0    0   1.200   5.320   250
2014   10   16   20    0    0   1.150   5.187   239
2014   10   16   21    0    0   1.230   5.453   242
2014   10   16   22    0    0   1.190   5.453   237
2014   10   16   23    0    0   1.190   5.719   241
2014   10   17    0    0    0   1.120   5.719   257
2014   10   17    1    0    0   1.020   5.719   252
2014   10   17    2    0    0   0.960   5.852   254
2014   10   17    3    0    0   0.850   5.985   265
2014   10   17    4    0    0   0.870   5.852   274
2014   10   17    5    0    0   0.840   5.852   291
2014   10   17    6    0    0   0.880   5.586   298
2014   10   17    7    0    0   0.810   5.852   330
2014   10   17    8    0    0   0.890   5.719   327
2014   10   17    9    0    0   0.910   5.719   323
2014   10   17   10    0    0   0.910   5.187   293
2014   10   17   11    0    0   1.100   5.453   270
2014   10   17   12    0    0   1.120   5.453   256
2014   10   17   13    0    0   1.220   5.586   255
2014   10   17   14    0    0   1.190   5.719   250
2014   10   17   15    0    0   1.200   5.719   244
2014   10   17   16    0    0   1.300   6.118   242
2014   10   17   17    0    0   1.150   6.118   240
2014   10   17   18    0    0   1.220   6.118   247
2014   10   17   19    0    0   1.230   5.985   245
2014   10   17   20    0    0   1.140   5.719   243
2014   10   17   21    0    0   1.070   5.320   243
2014   10   17   22    0    0   1.090   5.054   227
2014   10   17   23    0    0   1.050   5.054   212
2014   10   18    0    0    0   1.140   4.921   202
2014   10   18    1    0    0   1.160   5.054   199
2014   10   18    2    0    0   1.140   5.054   197
2014   10   18    3    0    0   1.100   5.187   195
2014   10   18    4    0    0   1.110   5.187   191
2014   10   18    5    0    0   1.180   5.320   189
2014   10   18    6    0    0   1.310   5.453   190
2014   10   18    7    0    0   1.510   5.719   189
2014   10   18    8    0    0   1.440   5.586   192
2014   10   18    9    0    0   1.460   5.320   196
2014   10   18   10    0    0   1.420   5.187   199
2014   10   18   11    0    0   1.280   5.187   197
2014   10   18   12    0    0   1.240   4.921   201
2014   10   18   13    0    0   1.150   5.054   203
2014   10   18   14    0    0   1.110   5.054   209
2014   10   18   15    0    0   1.050   5.054   209
2014   10   18   16    0    0   0.980   5.187   217
2014   10   18   17    0    0   0.950   5.054   213
2014   10   18   18    0    0   0.920   5.320   215
2014   10   18   19    0    0   0.840   5.320   222
2014   10   18   20    0    0   0.850   5.054   220
2014   10   18   21    0    0   0.860   4.788   219
2014   10   18   22    0    0   0.830   4.522   217
2014   10   18   23    0    0   0.800   4.256   208
2014   10   19    0    0    0   0.750   4.389   214
2014   10   19    1    0    0   0.750   4.522   219
2014   10   19    2    0    0   0.700   4.389   218
2014   10   19    3    0    0   0.630   4.522   221
2014   10   19    4    0    0   0.610   4.522   223
2014   10   19    5    0    0   0.710   4.788   219
2014   10   19    6    0    0   0.760   4.921   223
2014   10   19    7    0    0   0.870   4.921   221
2014   10   19    8    0    0   0.870   4.921   213
2014   10   19    9    0    0   0.990   4.788   212
2014   10   19   10    0    0   1.290   4.921   220
2014   10   19   11    0    0   1.590   5.320   227
2014   10   19   12    0    0   1.630   5.453   230
2014   10   19   13    0    0   1.750   5.719   235
2014   10   19   14    0    0   1.730   5.719   232
2014   10   19   15    0    0   1.870   5.985   230
2014   10   19   16    0    0   1.850   6.118   229
2014   10   19   17    0    0   2.120   6.650   226
2014   10   19   18    0    0   2.410   7.315   228
2014   10   19   19    0    0   2.410   7.581   226
2014   10   19   20    0    0   2.450   7.448   228
2014   10   19   21    0    0   2.420   7.182   229
2014   10   19   22    0    0   2.480   6.916   231
2014   10   19   23    0    0   2.710   7.049   230
2014   10   20    0    0    0   2.510   6.650   233
2014   10   20    1    0    0   2.540   6.650   237
2014   10   20    2    0    0   2.360   6.517   239
2014   10   20    3    0    0   2.390   6.650   238
2014   10   20    4    0    0   2.460   6.916   243
2014   10   20    5    0    0   2.190   6.916   250
2014   10   20    6    0    0   2.190   7.182   254
2014   10   20    7    0    0   2.220   7.315   251
2014   10   20    8    0    0   2.030   7.049   248
2014   10   20    9    0    0   1.980   6.650   251
2014   10   20   10    0    0   1.720   6.251   254
2014   10   20   11    0    0   1.780   6.118   259
2014   10   20   12    0    0   1.620   5.719   261
2014   10   20   13    0    0   1.640   5.719   255
2014   10   20   14    0    0   1.530   5.586   249
2014   10   20   15    0    0   1.540   5.586   254
2014   10   20   16    0    0   1.510   5.719   254
2014   10   20   17    0    0   1.610   5.985   250
2014   10   20   18    0    0   1.640   6.118   248
2014   10   20   19    0    0   1.650   6.517   248
2014   10   20   20    0    0   1.540   6.251   247
2014   10   20   21    0    0   1.530   6.118   243
2014   10   20   22    0    0   1.710   6.251   242
2014   10   20   23    0    0   1.910   5.985   242
2014   10   21    0    0    0   1.820   5.852   245
2014   10   21    1    0    0   1.690   5.719   243
2014   10   21    2    0    0   1.750   5.719   241
2014   10   21    3    0    0   1.810   5.852   240
2014   10   21    4    0    0   1.840   6.118   234
2014   10   21    5    0    0   2.130   6.650   237
2014   10   21    6    0    0   2.280   6.916   238
2014   10   21    7    0    0   2.410   7.315   233
2014   10   21    8    0    0   2.490   7.315   231
2014   10   21    9    0    0   2.500   7.581   229
2014   10   21   10    0    0   3.110   7.980   229
2014   10   21   11    0    0   3.100   7.448   232
2014   10   21   12    0    0   3.230   7.315   239
2014   10   21   13    0    0   3.000   7.315   251
2014   10   21   14    0    0   2.890   7.182   269
2014   10   21   15    0    0   3.480   7.714   277
2014   10   21   16    0    0   4.010   8.379   282
2014   10   21   17    0    0   4.550   8.911   292
2014   10   21   18    0    0   4.910   9.177   294
2014   10   21   19    0    0   4.450   8.911   297
2014   10   21   20    0    0   4.410   9.310   303
2014   10   21   21    0    0   5.060   9.443   304
2014   10   21   22    0    0   5.380   9.576   306
2014   10   21   23    0    0   5.100   9.310   306
2014   10   22    0    0    0   5.060   9.310   314
2014   10   22    1    0    0   4.710   9.310   320
2014   10   22    2    0    0   4.720   9.044   315
2014   10   22    3    0    0   4.690   9.576   325
2014   10   22    4    0    0   4.310   9.177   325
2014   10   22    5    0    0   4.030   8.911   319
2014   10   22    6    0    0   4.300   9.310   322
2014   10   22    7    0    0   4.090   9.044   322
2014   10   22    8    0    0   4.220   8.911   323
2014   10   22    9    0    0   4.040   9.044   319
2014   10   22   10    0    0   3.950   8.645   320
2014   10   22   11    0    0   3.950   8.911   322
2014   10   22   12    0    0   3.620   8.645   324
2014   10   22   13    0    0   3.310   8.379   334
2014   10   22   14    0    0   3.130   8.512   334
2014   10   22   15    0    0   2.790   8.246   331
2014   10   22   16    0    0   2.460   7.847   337
2014   10   22   17    0    0   2.390   7.714   336
2014   10   22   18    0    0   2.180   7.448   330
2014   10   22   19    0    0   2.040   7.315   330
2014   10   22   20    0    0   2.040   7.182   334
2014   10   22   21    0    0   1.900   7.049   331
2014   10   22   22    0    0   2.000   7.448   337
2014   10   22   23    0    0   1.960   7.448   333
2014   10   23    0    0    0   1.960   7.182   331
2014   10   23    1    0    0   1.730   6.916   327
2014   10   23    2    0    0   1.780   7.182   334
2014   10   23    3    0    0   1.540   6.916   330
2014   10   23    4    0    0   1.410   6.251   327
2014   10   23    5    0    0   1.280   5.719   317
2014   10   23    6    0    0   1.340   5.985   312
2014   10   23    7    0    0   1.330   5.852   298
2014   10   23    8    0    0   1.320   6.251   293
2014   10   23    9    0    0   1.340   6.118   290
2014   10   23   10    0    0   1.490   6.517   286
2014   10   23   11    0    0   1.500   6.384   267
2014   10   23   12    0    0   1.540   5.985   266
2014   10   23   13    0    0   1.530   5.719   269
2014   10   23   14    0    0   1.480   5.586   260
2014   10   23   15    0    0   1.450   5.453   254
2014   10   23   16    0    0   1.450   5.320   231
2014   10   23   17    0    0   1.380   5.054   220
2014   10   23   18    0    0   1.530   5.453   222
2014   10   23   19    0    0   1.680   5.985   225
2014   10   23   20    0    0   1.870   6.650   225
2014   10   23   21    0    0   2.090   7.315   224
2014   10   23   22    0    0   2.080   7.315   221
2014   10   23   23    0    0   2.140   7.315   225
